-1.202743500000000054e+01 -1.202743500000000054e+01 -1.202743500000000054e+01 -1.202743500000000054e+01 -1.202743500000000054e+01 -1.202743500000000054e+01 -1.202743500000000054e+01 -1.202743500000000054e+01 -1.202743500000000054e+01 -1.202743500000000054e+01 -1.202743500000000054e+01 -1.202743500000000054e+01 -1.202743500000000054e+01 -1.202743500000000054e+01 -1.202743500000000054e+01 -1.202743500000000054e+01 -1.202743500000000054e+01 -1.202743500000000054e+01
-1.180762499999999982e+01 -1.180762499999999982e+01 -1.180762499999999982e+01 -1.180762499999999982e+01 -1.180762499999999982e+01 -1.180762499999999982e+01 -1.180762499999999982e+01 -1.180762499999999982e+01 -1.180762499999999982e+01 -1.180762499999999982e+01 -1.180762499999999982e+01 -1.180762499999999982e+01 -1.180762499999999982e+01 -1.180762499999999982e+01 -1.180762499999999982e+01 -1.180762499999999982e+01 -1.180762499999999982e+01 -1.180762499999999982e+01
-1.154667700000000075e+01 -1.154667700000000075e+01 -1.154667700000000075e+01 -1.154667700000000075e+01 -1.154667700000000075e+01 -1.154667700000000075e+01 -1.154667700000000075e+01 -1.154667700000000075e+01 -1.154667700000000075e+01 -1.154667700000000075e+01 -1.154667700000000075e+01 -1.154667700000000075e+01 -1.154667700000000075e+01 -1.154667700000000075e+01 -1.154667700000000075e+01 -1.154667700000000075e+01 -1.154667700000000075e+01 -1.154667700000000075e+01
-1.131060000000000088e+01 -1.131060000000000088e+01 -1.131060000000000088e+01 -1.131060000000000088e+01 -1.131060000000000088e+01 -1.131060000000000088e+01 -1.131060000000000088e+01 -1.131060000000000088e+01 -1.131060000000000088e+01 -1.131060000000000088e+01 -1.131060000000000088e+01 -1.131060000000000088e+01 -1.131060000000000088e+01 -1.131060000000000088e+01 -1.131060000000000088e+01 -1.131060000000000088e+01 -1.131060000000000088e+01 -1.131060000000000088e+01
-1.105310099999999984e+01 -1.105310099999999984e+01 -1.105310099999999984e+01 -1.105310099999999984e+01 -1.105310099999999984e+01 -1.105310099999999984e+01 -1.105310099999999984e+01 -1.105310099999999984e+01 -1.105310099999999984e+01 -1.105310099999999984e+01 -1.105310099999999984e+01 -1.105310099999999984e+01 -1.105310099999999984e+01 -1.105310099999999984e+01 -1.105310099999999984e+01 -1.105310099999999984e+01 -1.105310099999999984e+01 -1.105310099999999984e+01
-1.088009300000000046e+01 -1.088009300000000046e+01 -1.088009300000000046e+01 -1.088009300000000046e+01 -1.088009300000000046e+01 -1.088009300000000046e+01 -1.088009300000000046e+01 -1.088009300000000046e+01 -1.088009300000000046e+01 -1.088009300000000046e+01 -1.088009300000000046e+01 -1.088009300000000046e+01 -1.088009300000000046e+01 -1.088009300000000046e+01 -1.088009300000000046e+01 -1.088009300000000046e+01 -1.088009300000000046e+01 -1.088009300000000046e+01
-1.073639700000000019e+01 -1.073639700000000019e+01 -1.073639700000000019e+01 -1.073639700000000019e+01 -1.073639700000000019e+01 -1.073639700000000019e+01 -1.073639700000000019e+01 -1.073639700000000019e+01 -1.073639700000000019e+01 -1.073639700000000019e+01 -1.073639700000000019e+01 -1.073639700000000019e+01 -1.073639700000000019e+01 -1.073639700000000019e+01 -1.073639700000000019e+01 -1.073639700000000019e+01 -1.073639700000000019e+01 -1.073639700000000019e+01
-1.064357399999999920e+01 -1.064357399999999920e+01 -1.064357399999999920e+01 -1.064357399999999920e+01 -1.064357399999999920e+01 -1.064357399999999920e+01 -1.064357399999999920e+01 -1.064357399999999920e+01 -1.064357399999999920e+01 -1.064357399999999920e+01 -1.064357399999999920e+01 -1.064357399999999920e+01 -1.064357399999999920e+01 -1.064357399999999920e+01 -1.064357399999999920e+01 -1.064357399999999920e+01 -1.064357399999999920e+01 -1.064357399999999920e+01
-1.062837599999999938e+01 -1.062837599999999938e+01 -1.062837599999999938e+01 -1.062837599999999938e+01 -1.062837599999999938e+01 -1.062837599999999938e+01 -1.062837599999999938e+01 -1.062837599999999938e+01 -1.062837599999999938e+01 -1.062837599999999938e+01 -1.062837599999999938e+01 -1.062837599999999938e+01 -1.062837599999999938e+01 -1.062837599999999938e+01 -1.062837599999999938e+01 -1.062837599999999938e+01 -1.062837599999999938e+01 -1.062837599999999938e+01
-1.062987099999999963e+01 -1.062987099999999963e+01 -1.062987099999999963e+01 -1.062987099999999963e+01 -1.062987099999999963e+01 -1.062987099999999963e+01 -1.062987099999999963e+01 -1.062987099999999963e+01 -1.062987099999999963e+01 -1.062987099999999963e+01 -1.062987099999999963e+01 -1.062987099999999963e+01 -1.062987099999999963e+01 -1.062987099999999963e+01 -1.062987099999999963e+01 -1.062987099999999963e+01 -1.062987099999999963e+01 -1.062987099999999963e+01
-1.057493799999999951e+01 -1.057493799999999951e+01 -1.057493799999999951e+01 -1.057493799999999951e+01 -1.057493799999999951e+01 -1.057493799999999951e+01 -1.057493799999999951e+01 -1.057493799999999951e+01 -1.057493799999999951e+01 -1.057493799999999951e+01 -1.057493799999999951e+01 -1.057493799999999951e+01 -1.057493799999999951e+01 -1.057493799999999951e+01 -1.057493799999999951e+01 -1.057493799999999951e+01 -1.057493799999999951e+01 -1.057493799999999951e+01
-1.050087000000000081e+01 -1.050087000000000081e+01 -1.050087000000000081e+01 -1.050087000000000081e+01 -1.050087000000000081e+01 -1.050087000000000081e+01 -1.050087000000000081e+01 -1.050087000000000081e+01 -1.050087000000000081e+01 -1.050087000000000081e+01 -1.050087000000000081e+01 -1.050087000000000081e+01 -1.050087000000000081e+01 -1.050087000000000081e+01 -1.050087000000000081e+01 -1.050087000000000081e+01 -1.050087000000000081e+01 -1.050087000000000081e+01
-1.042127799999999915e+01 -1.042127799999999915e+01 -1.042127799999999915e+01 -1.042127799999999915e+01 -1.042127799999999915e+01 -1.042127799999999915e+01 -1.042127799999999915e+01 -1.042127799999999915e+01 -1.042127799999999915e+01 -1.042127799999999915e+01 -1.042127799999999915e+01 -1.042127799999999915e+01 -1.042127799999999915e+01 -1.042127799999999915e+01 -1.042127799999999915e+01 -1.042127799999999915e+01 -1.042127799999999915e+01 -1.042127799999999915e+01
-1.034464599999999912e+01 -1.034464599999999912e+01 -1.034464599999999912e+01 -1.034464599999999912e+01 -1.034464599999999912e+01 -1.034464599999999912e+01 -1.034464599999999912e+01 -1.034464599999999912e+01 -1.034464599999999912e+01 -1.034464599999999912e+01 -1.034464599999999912e+01 -1.034464599999999912e+01 -1.034464599999999912e+01 -1.034464599999999912e+01 -1.034464599999999912e+01 -1.034464599999999912e+01 -1.034464599999999912e+01 -1.034464599999999912e+01
-1.021198099999999975e+01 -1.021198099999999975e+01 -1.021198099999999975e+01 -1.021198099999999975e+01 -1.021198099999999975e+01 -1.021198099999999975e+01 -1.021198099999999975e+01 -1.021198099999999975e+01 -1.021198099999999975e+01 -1.021198099999999975e+01 -1.021198099999999975e+01 -1.021198099999999975e+01 -1.021198099999999975e+01 -1.021198099999999975e+01 -1.021198099999999975e+01 -1.021198099999999975e+01 -1.021198099999999975e+01 -1.021198099999999975e+01
-9.991196000000000410e+00 -9.991196000000000410e+00 -9.991196000000000410e+00 -9.991196000000000410e+00 -9.991196000000000410e+00 -9.991196000000000410e+00 -9.991196000000000410e+00 -9.991196000000000410e+00 -9.991196000000000410e+00 -9.991196000000000410e+00 -9.991196000000000410e+00 -9.991196000000000410e+00 -9.991196000000000410e+00 -9.991196000000000410e+00 -9.991196000000000410e+00 -9.991196000000000410e+00 -9.991196000000000410e+00 -9.991196000000000410e+00
-9.741721999999999326e+00 -9.741721999999999326e+00 -9.741721999999999326e+00 -9.741721999999999326e+00 -9.741721999999999326e+00 -9.741721999999999326e+00 -9.741721999999999326e+00 -9.741721999999999326e+00 -9.741721999999999326e+00 -9.741721999999999326e+00 -9.741721999999999326e+00 -9.741721999999999326e+00 -9.741721999999999326e+00 -9.741721999999999326e+00 -9.741721999999999326e+00 -9.741721999999999326e+00 -9.741721999999999326e+00 -9.741721999999999326e+00
-9.498687999999999576e+00 -9.498687999999999576e+00 -9.498687999999999576e+00 -9.498687999999999576e+00 -9.498687999999999576e+00 -9.498687999999999576e+00 -9.498687999999999576e+00 -9.498687999999999576e+00 -9.498687999999999576e+00 -9.498687999999999576e+00 -9.498687999999999576e+00 -9.498687999999999576e+00 -9.498687999999999576e+00 -9.498687999999999576e+00 -9.498687999999999576e+00 -9.498687999999999576e+00 -9.498687999999999576e+00 -9.498687999999999576e+00
-9.310311999999999699e+00 -9.310311999999999699e+00 -9.310311999999999699e+00 -9.310311999999999699e+00 -9.310311999999999699e+00 -9.310311999999999699e+00 -9.310311999999999699e+00 -9.310311999999999699e+00 -9.310311999999999699e+00 -9.310311999999999699e+00 -9.310311999999999699e+00 -9.310311999999999699e+00 -9.310311999999999699e+00 -9.310311999999999699e+00 -9.310311999999999699e+00 -9.310311999999999699e+00 -9.310311999999999699e+00 -9.310311999999999699e+00
-9.161505000000000010e+00 -9.161505000000000010e+00 -9.161505000000000010e+00 -9.161505000000000010e+00 -9.161505000000000010e+00 -9.161505000000000010e+00 -9.161505000000000010e+00 -9.161505000000000010e+00 -9.161505000000000010e+00 -9.161505000000000010e+00 -9.161505000000000010e+00 -9.161505000000000010e+00 -9.161505000000000010e+00 -9.161505000000000010e+00 -9.161505000000000010e+00 -9.161505000000000010e+00 -9.161505000000000010e+00 -9.161505000000000010e+00
-9.020507999999999527e+00 -9.020507999999999527e+00 -9.020507999999999527e+00 -9.020507999999999527e+00 -9.020507999999999527e+00 -9.020507999999999527e+00 -9.020507999999999527e+00 -9.020507999999999527e+00 -9.020507999999999527e+00 -9.020507999999999527e+00 -9.020507999999999527e+00 -9.020507999999999527e+00 -9.020507999999999527e+00 -9.020507999999999527e+00 -9.020507999999999527e+00 -9.020507999999999527e+00 -9.020507999999999527e+00 -9.020507999999999527e+00
-9.018157999999999674e+00 -9.018157999999999674e+00 -9.018157999999999674e+00 -9.018157999999999674e+00 -9.018157999999999674e+00 -9.018157999999999674e+00 -9.018157999999999674e+00 -9.018157999999999674e+00 -9.018157999999999674e+00 -9.018157999999999674e+00 -9.018157999999999674e+00 -9.018157999999999674e+00 -9.018157999999999674e+00 -9.018157999999999674e+00 -9.018157999999999674e+00 -9.018157999999999674e+00 -9.018157999999999674e+00 -9.018157999999999674e+00
-9.065965999999999525e+00 -9.065965999999999525e+00 -9.065965999999999525e+00 -9.065965999999999525e+00 -9.065965999999999525e+00 -9.065965999999999525e+00 -9.065965999999999525e+00 -9.065965999999999525e+00 -9.065965999999999525e+00 -9.065965999999999525e+00 -9.065965999999999525e+00 -9.065965999999999525e+00 -9.065965999999999525e+00 -9.065965999999999525e+00 -9.065965999999999525e+00 -9.065965999999999525e+00 -9.065965999999999525e+00 -9.065965999999999525e+00
-9.036530499999999577e+00 -9.036530499999999577e+00 -9.036530499999999577e+00 -9.036530499999999577e+00 -9.036530499999999577e+00 -9.036530499999999577e+00 -9.036530499999999577e+00 -9.036530499999999577e+00 -9.036530499999999577e+00 -9.036530499999999577e+00 -9.036530499999999577e+00 -9.036530499999999577e+00 -9.036530499999999577e+00 -9.036530499999999577e+00 -9.036530499999999577e+00 -9.036530499999999577e+00 -9.036530499999999577e+00 -9.036530499999999577e+00
-8.951399000000000328e+00 -8.951399000000000328e+00 -8.951399000000000328e+00 -8.951399000000000328e+00 -8.951399000000000328e+00 -8.951399000000000328e+00 -8.951399000000000328e+00 -8.951399000000000328e+00 -8.951399000000000328e+00 -8.951399000000000328e+00 -8.951399000000000328e+00 -8.951399000000000328e+00 -8.951399000000000328e+00 -8.951399000000000328e+00 -8.951399000000000328e+00 -8.951399000000000328e+00 -8.951399000000000328e+00 -8.951399000000000328e+00
-8.895322000000000173e+00 -8.895322000000000173e+00 -8.895322000000000173e+00 -8.895322000000000173e+00 -8.895322000000000173e+00 -8.895322000000000173e+00 -8.895322000000000173e+00 -8.895322000000000173e+00 -8.895322000000000173e+00 -8.895322000000000173e+00 -8.895322000000000173e+00 -8.895322000000000173e+00 -8.895322000000000173e+00 -8.895322000000000173e+00 -8.895322000000000173e+00 -8.895322000000000173e+00 -8.895322000000000173e+00 -8.895322000000000173e+00
-8.712225999999999360e+00 -8.712225999999999360e+00 -8.712225999999999360e+00 -8.712225999999999360e+00 -8.712225999999999360e+00 -8.712225999999999360e+00 -8.712225999999999360e+00 -8.712225999999999360e+00 -8.712225999999999360e+00 -8.712225999999999360e+00 -8.712225999999999360e+00 -8.712225999999999360e+00 -8.712225999999999360e+00 -8.712225999999999360e+00 -8.712225999999999360e+00 -8.712225999999999360e+00 -8.712225999999999360e+00 -8.712225999999999360e+00
-8.642934000000000339e+00 -8.642934000000000339e+00 -8.642934000000000339e+00 -8.642934000000000339e+00 -8.642934000000000339e+00 -8.642934000000000339e+00 -8.642934000000000339e+00 -8.642934000000000339e+00 -8.642934000000000339e+00 -8.642934000000000339e+00 -8.642934000000000339e+00 -8.642934000000000339e+00 -8.642934000000000339e+00 -8.642934000000000339e+00 -8.642934000000000339e+00 -8.642934000000000339e+00 -8.642934000000000339e+00 -8.642934000000000339e+00
-8.582751000000000019e+00 -8.582751000000000019e+00 -8.582751000000000019e+00 -8.582751000000000019e+00 -8.582751000000000019e+00 -8.582751000000000019e+00 -8.582751000000000019e+00 -8.582751000000000019e+00 -8.582751000000000019e+00 -8.582751000000000019e+00 -8.582751000000000019e+00 -8.582751000000000019e+00 -8.582751000000000019e+00 -8.582751000000000019e+00 -8.582751000000000019e+00 -8.582751000000000019e+00 -8.582751000000000019e+00 -8.582751000000000019e+00
-8.564669000000000310e+00 -8.564669000000000310e+00 -8.564669000000000310e+00 -8.564669000000000310e+00 -8.564669000000000310e+00 -8.564669000000000310e+00 -8.564669000000000310e+00 -8.564669000000000310e+00 -8.564669000000000310e+00 -8.564669000000000310e+00 -8.564669000000000310e+00 -8.564669000000000310e+00 -8.564669000000000310e+00 -8.564669000000000310e+00 -8.564669000000000310e+00 -8.564669000000000310e+00 -8.564669000000000310e+00 -8.564669000000000310e+00
-8.508072000000000301e+00 -8.508072000000000301e+00 -8.508072000000000301e+00 -8.508072000000000301e+00 -8.508072000000000301e+00 -8.508072000000000301e+00 -8.508072000000000301e+00 -8.508072000000000301e+00 -8.508072000000000301e+00 -8.508072000000000301e+00 -8.508072000000000301e+00 -8.508072000000000301e+00 -8.508072000000000301e+00 -8.508072000000000301e+00 -8.508072000000000301e+00 -8.508072000000000301e+00 -8.508072000000000301e+00 -8.508072000000000301e+00
-8.529954000000000036e+00 -8.529954000000000036e+00 -8.529954000000000036e+00 -8.529954000000000036e+00 -8.529954000000000036e+00 -8.529954000000000036e+00 -8.529954000000000036e+00 -8.529954000000000036e+00 -8.529954000000000036e+00 -8.529954000000000036e+00 -8.529954000000000036e+00 -8.529954000000000036e+00 -8.529954000000000036e+00 -8.529954000000000036e+00 -8.529954000000000036e+00 -8.529954000000000036e+00 -8.529954000000000036e+00 -8.529954000000000036e+00
-8.606310999999999822e+00 -8.606310999999999822e+00 -8.606310999999999822e+00 -8.606310999999999822e+00 -8.606310999999999822e+00 -8.606310999999999822e+00 -8.606310999999999822e+00 -8.606310999999999822e+00 -8.606310999999999822e+00 -8.606310999999999822e+00 -8.606310999999999822e+00 -8.606310999999999822e+00 -8.606310999999999822e+00 -8.606310999999999822e+00 -8.606310999999999822e+00 -8.606310999999999822e+00 -8.606310999999999822e+00 -8.606310999999999822e+00
-8.703559000000000268e+00 -8.703559000000000268e+00 -8.703559000000000268e+00 -8.703559000000000268e+00 -8.703559000000000268e+00 -8.703559000000000268e+00 -8.703559000000000268e+00 -8.703559000000000268e+00 -8.703559000000000268e+00 -8.703559000000000268e+00 -8.703559000000000268e+00 -8.703559000000000268e+00 -8.703559000000000268e+00 -8.703559000000000268e+00 -8.703559000000000268e+00 -8.703559000000000268e+00 -8.703559000000000268e+00 -8.703559000000000268e+00
-8.823328000000000060e+00 -8.823328000000000060e+00 -8.823328000000000060e+00 -8.823328000000000060e+00 -8.823328000000000060e+00 -8.823328000000000060e+00 -8.823328000000000060e+00 -8.823328000000000060e+00 -8.823328000000000060e+00 -8.823328000000000060e+00 -8.823328000000000060e+00 -8.823328000000000060e+00 -8.823328000000000060e+00 -8.823328000000000060e+00 -8.823328000000000060e+00 -8.823328000000000060e+00 -8.823328000000000060e+00 -8.823328000000000060e+00
-9.087923999999999225e+00 -9.087923999999999225e+00 -9.087923999999999225e+00 -9.087923999999999225e+00 -9.087923999999999225e+00 -9.087923999999999225e+00 -9.087923999999999225e+00 -9.087923999999999225e+00 -9.087923999999999225e+00 -9.087923999999999225e+00 -9.087923999999999225e+00 -9.087923999999999225e+00 -9.087923999999999225e+00 -9.087923999999999225e+00 -9.087923999999999225e+00 -9.087923999999999225e+00 -9.087923999999999225e+00 -9.087923999999999225e+00
-9.265648000000000550e+00 -9.265648000000000550e+00 -9.265648000000000550e+00 -9.265648000000000550e+00 -9.265648000000000550e+00 -9.265648000000000550e+00 -9.265648000000000550e+00 -9.265648000000000550e+00 -9.265648000000000550e+00 -9.265648000000000550e+00 -9.265648000000000550e+00 -9.265648000000000550e+00 -9.265648000000000550e+00 -9.265648000000000550e+00 -9.265648000000000550e+00 -9.265648000000000550e+00 -9.265648000000000550e+00 -9.265648000000000550e+00
-9.326166000000000622e+00 -9.326166000000000622e+00 -9.326166000000000622e+00 -9.326166000000000622e+00 -9.326166000000000622e+00 -9.326166000000000622e+00 -9.326166000000000622e+00 -9.326166000000000622e+00 -9.326166000000000622e+00 -9.326166000000000622e+00 -9.326166000000000622e+00 -9.326166000000000622e+00 -9.326166000000000622e+00 -9.326166000000000622e+00 -9.326166000000000622e+00 -9.326166000000000622e+00 -9.326166000000000622e+00 -9.326166000000000622e+00
-9.468733999999999540e+00 -9.468733999999999540e+00 -9.468733999999999540e+00 -9.468733999999999540e+00 -9.468733999999999540e+00 -9.468733999999999540e+00 -9.468733999999999540e+00 -9.468733999999999540e+00 -9.468733999999999540e+00 -9.468733999999999540e+00 -9.468733999999999540e+00 -9.468733999999999540e+00 -9.468733999999999540e+00 -9.468733999999999540e+00 -9.468733999999999540e+00 -9.468733999999999540e+00 -9.468733999999999540e+00 -9.468733999999999540e+00
-9.598834000000000088e+00 -9.598834000000000088e+00 -9.598834000000000088e+00 -9.598834000000000088e+00 -9.598834000000000088e+00 -9.598834000000000088e+00 -9.598834000000000088e+00 -9.598834000000000088e+00 -9.598834000000000088e+00 -9.598834000000000088e+00 -9.598834000000000088e+00 -9.598834000000000088e+00 -9.598834000000000088e+00 -9.598834000000000088e+00 -9.598834000000000088e+00 -9.598834000000000088e+00 -9.598834000000000088e+00 -9.598834000000000088e+00
